0.694058
0.294768
0.82919
0.81101
0.554022
0.421529
1.07917
0.797657
0.674806
0.378602
0.874344
0.862496
0.552176
0.381703
1.07585
0.778177
0.676312
0.372827
0.872717
0.888325
0.552513
0.377984
1.07526
0.776473
0.694058
0.294768
0.82919
0.81101
0.554022
0.421529
1.07917
0.797657
0.674806
0.378602
0.874344
0.862496
0.552176
0.381703
1.07585
0.778177
0.676312
0.372827
0.872717
0.888325
0.552513
0.377984
1.07526
0.776473
0.678619
0.361841
0.865014
0.876299
0.553679
0.397193
1.07438
0.774325
0.676072
0.39918
0.883205
0.892077
0.552108
0.376119
1.07806
0.776953
0.694058
0.294768
0.82919
0.81101
0.554022
0.421529
1.07917
0.797657
0.674806
0.378602
0.874344
0.862496
0.552176
0.381703
1.07585
0.778177
0.676312
0.372827
0.872717
0.888325
0.552513
0.377984
1.07526
0.776473
0.678619
0.361841
0.865014
0.876299
0.553679
0.397193
1.07438
0.774325
0.676072
0.39918
0.883205
0.892077
0.552108
0.376119
1.07806
0.776953
0.67653
0.400522
0.884629
0.891477
0.55215
0.375271
1.08098
0.777921
0.676072
0.39918
0.883205
0.892077
0.552108
0.376119
1.07806
0.776953
0.67653
0.400522
0.884629
0.891477
0.55215
0.375271
1.08098
0.777921
0.67653
0.400522
0.884629
0.891477
0.55215
0.375271
1.08098
0.777921
0.676072
0.39918
0.883205
0.892077
0.552108
0.376119
1.07806
0.776953
0.676031
0.397665
0.881997
0.887043
0.552221
0.375193
1.07594
0.775297
0.694058
0.294768
0.82919
0.81101
0.554022
0.421529
1.07917
0.797657
